268 167
244 186
224 165
244 186
268 167
267 189
187 304
114 323
97 289
114 323
187 304
140 350
92 211
94 174
134 167
203 187
219 268
189 190
219 268
203 187
248 232
92 252
92 211
162 184
206 318
202 387
169 372
202 387
206 318
225 323
97 289
92 252
187 304
239 324
239 311
253 322
239 311
239 324
225 323
239 311
225 323
226 309
242 274
239 307
227 303
239 307
242 274
253 303
169 372
140 350
187 304
248 232
260 267
250 256
260 267
248 232
321 250
191 179
189 190
176 178
189 190
191 179
203 187
232 388
202 387
225 323
256 380
232 388
239 324
273 357
256 380
239 324
176 178
189 190
174 190
290 334
273 357
263 316
244 186
203 187
224 165
203 187
244 186
246 209
304 308
290 334
273 305
154 154
176 178
162 184
176 178
154 154
178 150
314 279
304 308
273 305
162 184
92 211
134 167
321 250
314 279
260 267
154 154
162 184
134 167
325 219
321 250
295 194
92 252
162 184
174 190
326 189
325 219
303 189
94 174
154 154
134 167
219 268
248 232
250 256
321 250
248 232
295 194
178 150
301 158
202 155
268 167
224 165
284 161
178 150
202 155
191 179
202 155
284 161
224 165
284 161
202 155
301 158
244 186
267 189
246 209
202 155
224 165
203 187
295 194
295 181
303 189
295 181
295 194
281 193
268 167
280 181
267 189
280 181
268 167
284 161
295 181
281 193
280 181
295 181
284 161
301 158
284 161
295 181
280 181
316 161
295 181
301 158
295 181
316 161
322 173
322 173
326 189
303 189
281 193
246 209
267 189
246 209
281 193
248 232
174 190
187 304
92 252
187 304
174 190
219 268
246 209
248 232
203 187
252 272
263 303
253 303
263 303
252 272
260 267
208 303
206 318
193 305
206 318
208 303
226 309
219 268
227 303
208 303
227 303
219 268
231 271
219 268
208 303
193 305
219 268
250 256
231 271
231 271
250 256
242 274
290 334
263 316
273 305
231 271
242 274
227 303
242 274
250 256
252 272
260 267
273 305
263 303
273 305
260 267
314 279
242 274
252 272
253 303
252 272
250 256
260 267
176 178
178 150
191 179
191 179
202 155
203 187
162 184
176 178
174 190
189 190
219 268
174 190
325 219
295 194
303 189
267 189
280 181
281 193
322 173
303 189
295 181
295 194
248 232
281 193
187 304
219 268
193 305
169 372
187 304
206 318
239 324
232 388
225 323
273 357
239 324
253 322
208 303
227 303
226 307
253 322
253 308
263 316
253 308
253 322
239 311
227 303
239 307
226 307
273 305
263 316
269 305
239 307
253 303
253 306
253 303
263 303
253 306
263 303
273 305
269 305
263 303
263 316
253 308
263 316
263 303
269 305
263 316
273 357
253 322
263 303
253 308
253 306
253 308
239 307
253 306
239 307
253 308
239 309
239 307
226 309
226 307
226 309
239 307
239 309
226 309
208 303
226 307
206 318
187 304
193 305
225 323
206 318
226 309
239 311
226 309
239 309
253 308
239 311
239 309
