357 256
379 288
365 296
379 288
357 256
386 257
317 284
0 0
336 271
0 0
317 284
0 281
357 256
0 0
450 0
0 0
357 256
336 271
407 425
383 480
399 423
383 480
407 425
423 435
0 281
326 353
330 387
326 353
0 281
320 318
317 284
320 318
0 281
320 318
317 284
365 296
425 425
444 395
445 427
444 395
425 425
431 390
326 353
320 318
378 305
565 383
507 423
480 391
507 423
565 383
554 418
330 387
0 562
0 281
0 562
330 387
341 421
330 387
326 353
431 390
458 430
457 439
457 429
457 439
458 430
458 438
0 562
361 453
383 480
361 453
0 562
341 421
341 421
330 387
399 423
330 387
431 390
399 423
0 562
383 480
450 562
361 453
341 421
399 423
431 390
326 353
397 307
450 562
383 480
414 503
383 480
361 453
399 423
399 291
397 307
378 305
397 307
399 291
416 302
450 562
414 503
454 509
414 503
383 480
423 435
457 349
397 307
416 302
397 307
457 349
431 390
454 509
414 503
444 439
899 562
518 478
537 449
518 478
899 562
492 504
492 504
450 562
454 509
450 562
492 504
899 562
492 504
454 509
469 439
899 562
537 449
554 418
518 478
492 504
469 439
899 562
554 418
565 383
537 449
518 478
507 423
399 291
378 305
379 288
899 281
899 562
565 383
554 418
537 449
507 423
454 302
416 302
437 280
416 302
454 302
456 325
357 256
365 296
336 271
899 281
565 383
570 347
570 347
565 383
523 310
336 271
365 296
317 284
899 281
570 347
575 314
575 314
570 347
536 303
899 281
575 314
577 280
577 280
575 314
556 275
480 391
505 310
523 310
505 310
480 391
457 349
357 256
450 0
386 257
493 269
468 281
437 280
468 281
493 269
486 304
450 0
539 261
515 263
539 261
450 0
577 280
411 266
493 269
437 280
493 269
411 266
450 0
386 257
411 266
399 291
411 266
386 257
450 0
454 302
486 304
456 325
486 304
454 302
468 281
411 266
437 280
416 302
457 349
486 304
505 310
486 304
457 349
456 325
523 310
523 293
536 303
523 293
523 310
505 294
437 280
468 281
454 302
493 269
505 294
486 304
505 294
493 269
515 263
505 294
523 310
505 310
493 269
450 0
515 263
523 293
515 263
539 261
515 263
523 293
505 294
577 280
899 0
899 281
899 0
577 280
450 0
539 261
577 280
556 275
539 261
556 275
523 293
556 275
575 314
536 303
523 310
565 383
480 391
457 349
480 391
458 373
431 390
457 349
458 373
456 325
457 349
416 302
487 427
469 427
469 396
469 427
487 427
470 428
431 390
425 425
407 425
457 429
469 427
458 430
469 427
457 429
457 399
414 503
423 435
444 439
431 390
458 373
444 395
454 509
457 439
469 439
457 439
454 509
444 439
444 395
458 373
457 399
469 396
469 427
457 399
444 395
457 399
446 427
457 399
458 373
469 396
469 396
458 373
480 391
469 396
480 391
487 427
379 288
386 257
399 291
378 305
320 318
365 296
399 291
411 266
416 302
365 296
379 288
378 305
397 307
326 353
378 305
570 347
523 310
536 303
486 304
505 294
505 310
556 275
536 303
523 293
399 423
431 390
407 425
445 436
425 425
445 427
425 425
445 436
423 435
444 395
446 427
445 427
446 427
457 399
457 429
470 436
458 430
469 427
458 430
470 436
458 438
457 429
445 436
446 427
445 436
457 429
457 439
518 478
469 439
486 434
498 425
518 478
486 434
518 478
498 425
507 423
470 436
469 427
470 428
470 428
487 427
486 434
487 427
480 391
498 425
498 425
480 391
507 423
486 434
487 427
498 425
470 428
486 434
470 436
458 438
470 436
469 439
486 434
469 439
470 436
469 439
457 439
458 438
423 435
445 436
444 439
457 439
444 439
445 436
425 425
423 435
407 425
446 427
445 436
445 427
