440 282
0 0
450 0
0 0
440 282
0 281
440 282
450 0
453 279
491 437
494 401
515 413
494 401
491 437
479 402
0 281
440 316
442 350
440 316
0 281
440 282
440 316
440 282
468 300
546 461
559 504
527 508
559 504
546 461
586 481
447 381
0 281
442 350
0 281
447 381
0 562
442 350
440 316
480 304
565 385
598 407
592 411
598 407
565 385
609 315
0 562
447 381
456 413
447 381
442 350
503 378
546 461
527 508
529 462
0 562
456 413
450 562
456 413
447 381
474 398
546 417
530 413
546 412
530 413
546 417
530 417
450 562
456 413
468 443
468 443
456 413
479 402
503 378
442 350
480 304
450 562
468 443
482 470
482 470
468 443
491 437
565 385
533 361
537 335
533 361
565 385
550 394
499 497
450 562
482 470
450 562
499 497
527 508
499 497
482 470
513 457
512 308
540 311
537 335
540 311
512 308
525 298
899 562
450 562
559 504
527 508
499 497
529 462
899 562
559 504
586 481
559 504
450 562
527 508
899 562
611 455
634 425
611 455
899 562
586 481
498 296
496 306
482 295
496 306
498 296
512 308
899 562
634 425
649 392
611 455
586 481
572 445
496 306
503 378
480 304
503 378
496 306
512 308
899 562
649 392
660 360
634 425
611 455
598 407
480 304
440 316
468 300
899 281
899 562
660 360
649 392
634 425
598 407
453 279
468 300
440 282
468 300
453 279
470 274
660 360
649 392
609 315
468 300
470 274
482 295
899 281
660 360
668 327
668 327
660 360
625 312
899 281
668 327
674 294
674 294
668 327
649 298
482 295
496 306
480 304
453 279
450 0
470 274
525 298
583 292
562 303
583 292
525 298
507 288
450 0
632 285
607 284
632 285
450 0
899 0
583 292
607 284
592 303
607 284
583 292
489 279
470 274
489 279
482 295
489 279
470 274
450 0
607 284
489 279
450 0
583 292
507 288
489 279
598 407
609 315
649 392
489 279
507 288
498 296
609 304
609 315
593 315
609 315
609 304
625 312
576 314
540 311
562 303
540 311
576 314
537 335
507 288
525 298
512 308
565 385
537 335
576 314
583 292
592 303
576 314
525 298
562 303
540 311
609 304
593 315
592 303
609 304
607 284
632 285
607 284
609 304
592 303
562 303
583 292
576 314
649 298
625 312
632 285
625 312
649 298
668 327
674 294
632 285
899 0
632 285
674 294
649 298
537 335
503 378
512 308
503 378
537 335
533 361
494 401
503 378
516 390
503 378
494 401
474 398
533 361
550 394
530 386
468 443
479 402
491 437
550 394
570 409
546 412
570 409
550 394
565 385
514 445
530 417
530 450
530 417
514 445
515 413
533 361
530 386
503 378
586 481
546 461
572 445
503 378
530 386
516 390
447 381
503 378
474 398
516 390
516 409
494 401
516 409
516 390
532 401
516 390
530 386
532 401
532 401
546 412
530 413
546 412
532 401
550 394
532 401
530 386
550 394
598 407
611 455
592 411
489 279
498 296
482 295
468 300
482 295
480 304
507 288
512 308
498 296
565 385
576 314
593 315
576 314
592 303
593 315
609 304
632 285
625 312
660 360
609 315
625 312
609 315
565 385
593 315
456 413
474 398
479 402
474 398
494 401
479 402
494 401
516 409
515 413
516 409
532 401
530 413
513 457
482 470
491 437
516 409
530 413
515 413
546 417
546 449
530 417
546 449
546 417
572 445
611 455
572 445
592 411
546 412
570 409
546 417
570 409
565 385
592 411
546 417
570 409
572 445
572 445
570 409
592 411
529 462
499 497
513 457
572 445
546 461
546 449
530 417
515 413
530 413
546 461
529 462
530 450
529 462
513 457
530 450
513 457
491 437
514 445
491 437
515 413
514 445
546 461
530 450
546 449
530 417
546 449
530 450
530 450
513 457
514 445
674 294
899 0
899 281
