340 230
311 212
329 201
311 212
340 230
330 241
295 279
0 281
284 252
0 281
295 279
306 304
311 212
0 0
329 201
0 0
311 212
284 252
467 298
437 269
500 271
437 269
467 298
453 297
0 281
306 304
319 328
295 279
284 252
330 241
436 299
443 310
440 310
443 310
436 299
453 297
0 281
319 328
0 562
306 304
295 279
330 241
400 315
419 318
407 336
419 318
400 315
416 306
0 562
336 350
360 368
336 350
0 562
319 328
319 328
306 304
384 326
430 316
427 334
422 318
427 334
430 316
439 331
0 562
360 368
450 562
336 350
319 328
384 326
400 283
400 315
384 326
400 315
400 283
416 306
450 562
360 368
389 380
360 368
336 350
384 326
400 283
306 304
343 242
306 304
400 283
384 326
450 562
389 380
422 385
389 380
360 368
384 326
400 283
411 242
418 257
411 242
400 283
369 230
452 380
450 562
422 385
450 562
452 380
476 365
422 385
389 380
407 336
450 562
476 365
899 562
452 380
422 385
427 334
899 281
899 562
490 344
476 365
452 380
439 331
306 304
330 241
343 242
490 344
899 562
476 365
490 344
476 365
449 325
369 230
371 204
397 213
371 204
369 230
353 226
899 281
490 344
498 321
498 321
490 344
461 315
353 226
357 238
340 230
357 238
353 226
369 230
899 281
498 321
501 296
501 296
498 321
467 298
500 271
899 281
501 296
899 281
500 271
496 243
500 271
501 296
467 298
311 212
330 241
302 228
899 281
496 243
489 218
496 243
500 271
437 269
340 230
329 201
351 199
899 281
489 218
482 193
489 218
496 243
447 210
330 241
284 252
302 228
899 281
482 193
899 0
482 193
489 218
454 202
429 202
419 179
443 198
419 179
429 202
406 194
340 230
357 238
343 242
302 228
284 252
311 212
418 257
434 214
437 269
434 214
418 257
411 242
329 201
0 0
450 0
411 242
421 213
434 214
421 213
411 242
403 227
329 201
450 0
351 199
371 204
406 194
397 213
406 194
371 204
419 179
450 0
419 179
351 199
419 179
450 0
435 169
351 199
371 204
353 226
371 204
351 199
419 179
421 213
397 213
406 194
397 213
421 213
403 227
434 214
443 198
447 210
443 198
434 214
429 202
406 194
429 202
421 213
489 218
447 210
454 202
419 179
435 169
443 198
435 169
450 0
452 167
443 198
435 169
452 167
450 0
482 193
466 174
482 193
450 0
899 0
466 174
482 193
454 202
452 167
466 174
443 198
466 174
452 167
450 0
437 269
434 214
447 210
397 213
403 227
369 230
447 210
496 243
437 269
403 227
411 242
369 230
423 281
418 257
430 276
418 257
423 281
411 282
427 334
422 385
407 336
439 331
452 380
427 334
416 306
400 283
411 282
400 283
418 257
411 282
423 281
428 305
416 306
428 305
423 281
436 299
467 298
461 315
461 301
461 315
467 298
498 321
411 282
423 281
416 306
430 276
436 299
423 281
436 299
430 276
453 297
430 276
418 257
437 269
430 276
437 269
453 297
369 230
400 283
357 238
400 283
343 242
357 238
351 199
353 226
340 230
330 241
340 230
343 242
447 210
443 198
454 202
421 213
429 202
434 214
466 174
454 202
443 198
389 380
384 326
407 336
384 326
400 315
392 325
439 331
433 316
449 325
433 316
439 331
430 316
449 325
476 365
439 331
416 306
428 305
422 318
449 325
443 310
461 315
443 310
449 325
433 316
428 305
436 299
440 310
453 297
467 298
461 301
461 301
443 310
453 297
443 310
461 301
461 315
461 315
490 344
449 325
428 305
440 310
433 316
416 306
422 318
419 318
400 315
407 336
392 325
407 336
384 326
392 325
427 334
407 336
419 318
427 334
419 318
422 318
422 318
428 305
430 316
430 316
428 305
433 316
443 310
433 316
440 310
0 0
284 252
0 281
