336 216
360 195
355 236
360 195
336 216
339 198
425 265
415 239
447 253
415 239
425 265
396 255
339 198
0 0
450 0
0 0
339 198
0 281
336 216
331 246
0 281
331 246
336 216
355 236
336 216
0 281
339 198
331 246
330 275
0 281
330 275
331 246
365 248
349 358
333 336
375 334
333 336
349 358
341 365
330 275
330 306
0 281
330 306
330 275
380 253
394 378
398 356
410 379
398 356
394 378
383 370
330 306
333 336
0 281
333 336
330 306
375 334
415 354
409 319
431 352
409 319
415 354
401 346
341 365
0 281
333 336
0 281
341 365
0 562
389 383
372 390
380 377
372 390
389 383
385 397
0 562
341 365
349 395
349 395
341 365
359 376
401 400
408 442
380 437
408 442
401 400
424 399
0 562
349 395
359 423
359 423
349 395
372 390
522 376
431 352
493 294
431 352
522 376
453 388
359 423
450 562
0 562
450 562
359 423
380 437
380 437
359 423
385 397
417 292
375 334
380 253
375 334
417 292
409 319
450 562
380 437
408 442
438 432
450 562
408 442
450 562
438 432
468 418
438 432
408 442
424 399
370 240
380 253
365 248
380 253
370 240
384 247
450 562
468 418
497 400
468 418
438 432
444 388
477 289
417 292
462 279
417 292
477 289
409 319
450 562
497 400
522 376
497 400
468 418
453 388
365 248
331 246
355 236
899 562
522 376
539 347
522 376
899 562
450 562
522 376
497 400
453 388
370 240
365 248
355 236
899 281
899 562
556 317
539 347
522 376
493 294
899 562
539 347
556 317
556 317
539 347
511 292
399 222
370 240
381 207
370 240
399 222
384 247
556 317
570 282
899 281
570 282
556 317
544 273
355 236
360 195
381 207
501 256
450 0
525 262
450 0
501 256
475 253
339 198
450 0
360 195
450 0
570 282
525 262
570 282
450 0
899 0
381 207
360 195
450 0
450 0
399 222
381 207
399 222
450 0
475 253
475 253
481 281
462 279
481 281
475 253
501 256
399 222
447 253
415 239
447 253
399 222
475 253
462 279
447 253
475 253
447 253
462 279
425 265
399 222
415 239
396 255
425 265
462 279
417 292
477 289
481 281
493 294
481 281
477 289
462 279
481 281
501 256
497 288
511 292
493 294
497 288
493 294
511 292
539 347
511 292
501 256
525 262
501 256
511 292
497 288
525 262
570 282
544 273
570 282
899 0
899 281
544 273
556 317
511 292
525 262
544 273
511 292
380 253
375 334
330 306
425 265
417 292
396 255
367 364
385 346
383 370
385 346
367 364
375 334
415 354
398 356
401 346
398 356
415 354
410 379
385 346
398 356
383 370
398 356
385 346
401 346
409 319
401 346
375 334
410 379
415 354
430 385
375 334
401 346
385 346
341 365
355 363
359 376
355 363
341 365
349 358
377 376
372 390
359 376
372 390
377 376
380 377
380 437
385 397
401 400
444 388
438 432
424 399
453 388
468 418
444 388
415 354
431 352
430 385
431 352
409 319
477 289
493 294
481 281
497 288
381 207
370 240
355 236
384 247
399 222
396 255
417 292
380 253
396 255
384 247
396 255
380 253
380 253
330 275
365 248
493 294
431 352
477 289
349 358
375 334
367 364
349 358
367 364
355 363
359 376
372 390
349 395
367 364
383 370
377 376
385 397
359 423
372 390
383 370
394 378
380 377
401 400
405 385
408 386
405 385
401 400
392 383
394 378
410 379
405 385
410 379
430 385
408 386
430 385
431 352
444 388
444 388
431 352
453 388
408 386
430 385
424 399
424 399
430 385
444 388
405 385
410 379
408 386
424 399
401 400
408 386
389 383
394 378
392 383
394 378
389 383
380 377
401 400
385 397
392 383
377 376
383 370
380 377
367 364
359 376
355 363
359 376
367 364
377 376
392 383
385 397
389 383
392 383
394 378
405 385
