352 229
303 235
320 221
303 235
352 229
307 274
303 235
0 0
335 200
0 0
303 235
0 281
335 200
0 0
450 0
420 352
436 346
436 354
436 346
420 352
421 343
0 281
314 312
320 347
314 312
0 281
307 274
303 235
307 274
0 281
420 352
436 354
419 377
314 312
307 274
369 236
406 311
380 359
314 312
380 359
406 311
397 347
330 380
0 281
320 347
0 281
330 380
0 562
320 347
314 312
380 359
476 347
452 352
453 343
452 352
476 347
484 359
0 562
330 380
347 408
330 380
320 347
380 359
453 318
453 343
436 325
453 343
453 318
476 347
0 562
369 434
450 562
369 434
0 562
347 408
347 408
330 380
380 359
436 306
467 311
453 318
467 311
436 306
436 280
450 562
369 434
398 450
369 434
347 408
396 383
436 280
406 311
387 237
406 311
436 280
436 306
450 562
398 450
432 459
398 450
369 434
417 394
314 312
369 236
406 311
432 459
398 450
434 396
498 437
450 562
467 454
450 562
498 437
524 411
467 454
450 562
432 459
467 454
432 459
434 396
899 562
524 411
542 380
524 411
899 562
450 562
498 437
467 454
451 394
418 204
435 228
406 232
435 228
418 204
453 204
899 281
899 562
555 348
524 411
498 437
474 384
307 274
352 229
369 236
899 562
542 380
555 348
542 380
524 411
491 360
406 311
369 236
387 237
555 348
542 380
491 360
391 190
370 223
362 188
370 223
391 190
388 223
899 281
555 348
564 311
564 311
555 348
491 360
335 200
352 229
320 221
352 229
335 200
362 188
899 281
564 311
568 274
568 274
564 311
503 238
352 229
362 188
370 223
571 234
899 281
568 274
899 281
571 234
899 0
571 234
568 274
518 231
479 192
450 0
507 190
450 0
479 192
391 190
303 235
335 200
320 221
388 223
387 237
370 223
387 237
388 223
406 232
335 200
450 0
362 188
502 225
485 238
484 225
485 238
502 225
503 238
450 0
391 190
362 188
453 204
467 234
435 228
467 234
453 204
484 225
453 204
418 204
391 190
391 190
418 204
388 223
436 280
485 238
467 311
485 238
436 280
467 234
467 234
436 280
436 254
502 225
531 201
518 231
531 201
502 225
507 190
453 204
391 190
479 192
484 225
479 192
502 225
479 192
484 225
453 204
435 228
467 234
436 254
479 192
507 190
502 225
531 201
899 0
571 234
899 0
531 201
450 0
531 201
571 234
546 219
531 201
507 190
450 0
571 234
518 231
546 219
531 201
546 219
518 231
467 311
564 311
491 360
564 311
467 311
503 238
436 280
387 237
436 254
435 228
436 254
406 232
467 311
491 360
476 347
474 384
498 437
451 394
369 434
396 383
417 394
451 394
467 454
434 396
419 377
436 354
435 379
406 311
436 306
419 318
434 396
398 450
417 394
406 311
419 318
397 347
419 318
436 306
436 325
436 325
436 346
421 343
436 346
436 325
453 343
419 318
436 325
421 343
436 325
436 306
453 318
453 318
467 311
476 347
370 223
369 236
352 229
369 236
370 223
387 237
436 254
387 237
406 232
388 223
418 204
406 232
503 238
502 225
518 231
467 234
484 225
485 238
568 274
503 238
518 231
503 238
467 311
485 238
347 408
380 359
396 383
380 359
397 347
386 359
397 347
419 318
421 343
397 347
421 343
420 352
452 352
484 359
451 377
436 346
453 343
452 352
524 411
474 384
491 360
476 347
491 360
484 359
491 360
474 384
484 359
451 377
474 384
451 394
474 384
451 377
484 359
436 346
452 352
436 354
451 394
434 396
435 379
397 347
420 352
419 377
434 396
417 394
435 379
419 377
386 359
397 347
386 359
419 377
396 383
417 394
396 383
419 377
396 383
380 359
386 359
417 394
419 377
435 379
451 394
435 379
451 377
436 354
452 352
451 377
436 354
451 377
435 379
