71 107
80 121
75 123
80 121
71 107
81 103
94 150
96 163
92 161
96 163
94 150
101 163
59 140
63 127
79 125
57 155
88 159
58 169
88 159
57 155
59 140
99 181
94 176
99 175
94 176
99 181
94 181
61 183
58 169
78 181
83 185
73 207
66 196
73 207
83 185
88 188
66 196
61 183
78 181
88 188
94 182
93 189
94 182
88 188
89 181
82 217
73 207
88 188
106 162
96 141
115 129
96 141
106 162
94 150
94 222
82 217
93 189
165 171
115 185
106 162
115 185
165 171
161 187
108 223
94 222
98 189
125 218
108 223
105 188
115 129
96 141
98 132
140 211
125 218
115 185
101 163
94 150
106 162
153 201
140 211
115 185
115 129
111 113
121 126
111 113
115 129
100 123
161 187
153 201
115 185
79 125
94 150
59 140
94 150
79 125
96 141
94 109
100 123
86 121
100 123
94 109
111 113
165 156
165 171
106 162
71 107
75 123
63 127
165 141
165 156
134 130
100 123
115 129
98 132
81 103
71 107
75 103
80 121
81 103
88 105
81 103
127 109
88 105
111 113
94 109
118 110
88 105
127 109
118 110
85 126
80 121
86 121
80 121
85 126
79 125
88 105
94 109
86 121
94 109
88 105
118 110
59 140
94 150
88 159
121 126
111 113
118 110
121 126
127 109
128 127
127 109
121 126
118 110
127 109
136 111
128 127
121 131
128 127
128 132
128 127
121 131
121 126
143 117
165 141
134 130
136 111
143 117
128 127
96 141
79 125
85 126
79 125
63 127
75 123
100 123
98 132
92 126
58 169
88 159
84 175
98 132
96 141
92 126
99 175
96 163
101 163
96 163
99 175
94 176
94 222
93 189
98 189
90 180
94 182
89 181
94 182
90 180
94 181
88 159
94 150
92 161
58 169
84 175
78 181
99 181
99 175
106 178
88 159
92 161
90 174
105 188
108 223
98 189
92 161
96 163
90 174
115 185
125 218
105 188
106 162
115 185
106 178
165 156
106 162
128 132
101 163
106 162
99 175
128 132
128 127
134 130
80 121
88 105
86 121
85 126
86 121
92 126
92 126
96 141
85 126
75 123
80 121
79 125
86 121
100 123
92 126
106 162
115 129
121 131
165 156
128 132
134 130
115 129
121 126
121 131
143 117
134 130
128 127
128 132
106 162
121 131
66 196
78 181
83 185
84 175
88 159
90 174
78 181
84 175
82 181
90 174
96 163
94 176
84 175
90 174
90 180
98 183
105 188
98 189
105 188
98 183
99 181
90 174
94 176
90 180
99 175
106 162
106 178
106 178
115 185
111 184
115 185
105 188
111 184
106 178
105 188
99 181
105 188
106 178
111 184
93 189
82 217
88 188
98 189
93 189
98 183
82 181
89 181
83 185
89 181
82 181
84 175
84 175
90 180
89 181
88 188
83 185
89 181
83 185
78 181
82 181
90 180
94 176
94 181
98 183
93 189
94 182
94 181
99 181
98 183
94 181
98 183
94 182
