141 226
147 253
133 234
147 253
141 226
155 250
132 303
0 350
130 286
0 350
132 303
137 321
131 271
0 350
131 245
0 350
131 271
130 286
157 257
171 280
149 259
171 280
157 257
173 268
0 350
0 0
133 234
130 286
131 271
149 259
130 286
164 297
132 303
164 297
130 286
171 280
0 350
137 321
143 339
198 378
181 341
190 340
181 341
198 378
176 379
0 350
143 339
151 355
137 321
132 303
164 297
167 331
143 339
137 321
143 339
167 331
151 355
0 350
162 369
176 379
162 369
0 350
151 355
164 297
170 321
137 321
170 321
164 297
171 299
0 350
176 379
0 699
170 321
177 314
178 322
177 314
170 321
171 299
0 699
176 379
250 699
162 369
151 355
174 339
194 318
192 311
207 312
192 311
194 318
185 315
250 699
176 379
198 378
176 379
162 369
181 341
149 259
131 271
142 260
222 374
250 699
198 378
250 699
222 374
245 363
267 350
250 699
245 363
250 699
267 350
499 699
222 374
198 378
198 337
245 363
222 374
211 330
147 253
157 257
149 259
157 257
147 253
155 250
499 699
267 350
499 350
267 350
245 363
225 318
212 238
201 212
217 210
201 212
212 238
186 219
284 333
499 350
267 350
499 350
284 333
294 312
284 333
267 350
225 318
200 291
171 280
173 268
171 280
200 291
189 295
294 312
284 333
225 318
206 245
186 219
212 238
186 219
206 245
176 245
499 350
294 312
298 289
298 289
294 312
225 318
176 245
164 225
186 219
164 225
176 245
155 250
298 266
499 350
298 289
499 350
298 266
297 243
298 266
298 289
231 240
155 250
141 226
152 223
499 350
297 243
499 0
297 243
298 266
231 240
200 291
173 268
206 245
131 245
0 350
133 234
147 253
131 245
133 234
131 245
147 253
142 260
131 271
131 245
142 260
133 234
0 0
141 226
171 280
189 295
179 300
141 226
0 0
152 223
186 219
164 225
152 223
152 223
164 225
155 250
212 238
217 210
221 237
174 257
206 245
173 268
206 245
174 257
176 245
186 219
152 223
201 212
201 212
152 223
250 0
152 223
0 0
250 0
231 240
200 291
222 242
200 291
231 240
225 318
217 210
201 212
250 0
250 0
233 213
217 210
233 213
250 0
297 243
233 213
297 243
246 223
217 210
233 213
221 237
297 243
250 0
499 0
297 243
231 240
246 223
233 213
246 223
231 240
171 280
179 300
171 299
130 286
149 259
171 280
176 245
174 257
164 254
298 289
225 318
231 240
174 257
173 268
164 254
178 322
177 314
185 315
198 378
190 340
198 337
164 297
171 280
171 299
167 331
137 321
170 321
187 329
178 322
186 321
178 322
187 329
180 331
245 363
211 330
225 318
171 299
179 300
177 314
200 291
225 318
207 312
179 300
189 295
192 311
189 295
200 291
192 311
221 237
213 244
212 238
213 244
221 237
222 242
157 257
155 250
164 254
176 245
164 254
155 250
142 260
147 253
149 259
164 254
173 268
157 257
200 291
206 245
213 244
222 242
221 237
231 240
206 245
212 238
213 244
221 237
233 213
231 240
222 242
200 291
213 244
151 355
167 331
174 339
177 314
179 300
185 315
162 369
174 339
181 341
167 331
170 321
171 331
185 315
179 300
192 311
185 315
194 318
186 321
186 321
196 327
187 329
196 327
186 321
194 318
192 311
200 291
207 312
225 318
211 330
220 319
207 312
225 318
220 319
207 312
211 330
196 327
211 330
207 312
220 319
211 330
222 374
198 337
187 329
196 327
198 337
211 330
198 337
196 327
178 322
180 331
171 331
198 337
190 340
187 329
180 331
181 341
174 339
181 341
180 331
190 340
174 339
167 331
171 331
171 331
170 321
178 322
174 339
171 331
180 331
178 322
185 315
186 321
207 312
196 327
194 318
187 329
190 340
180 331
