168 212
129 261
126 223
129 261
168 212
201 229
129 261
0 350
126 223
0 350
129 261
133 298
126 223
0 350
0 0
303 318
302 339
287 322
302 339
303 318
318 314
138 336
0 350
133 298
0 350
138 336
151 370
173 399
236 361
202 424
236 361
173 399
210 342
133 298
129 261
201 229
133 298
201 229
210 342
0 350
173 399
0 699
173 399
0 350
151 370
138 336
133 298
210 342
236 361
239 338
264 357
239 338
236 361
218 343
0 699
173 399
202 424
151 370
138 336
210 342
276 446
282 372
314 441
282 372
276 446
263 370
0 699
202 424
250 699
173 399
151 370
210 342
250 699
202 424
236 441
291 276
250 309
248 234
250 309
291 276
292 300
250 699
236 441
276 446
236 441
202 424
236 361
291 276
248 234
290 253
314 441
250 699
276 446
250 699
314 441
499 699
276 446
236 441
263 370
499 699
314 441
341 420
341 420
499 350
499 699
499 350
341 420
361 393
341 420
314 441
301 371
218 222
215 186
244 189
215 186
218 222
187 193
499 350
361 393
377 365
361 393
341 420
321 364
232 234
218 222
234 224
218 222
232 234
216 232
499 350
377 365
387 335
377 365
361 393
341 349
218 222
244 189
234 224
499 350
387 335
392 304
387 335
377 365
341 349
232 234
234 224
248 234
392 304
387 335
318 314
395 273
499 350
392 304
499 350
395 273
397 242
395 273
392 304
349 242
187 193
201 229
168 212
201 229
187 193
218 222
499 350
397 242
499 0
397 242
395 273
362 241
291 276
318 239
334 241
318 239
291 276
290 253
187 193
126 223
0 0
126 223
187 193
168 212
318 314
334 241
349 242
334 241
318 314
291 276
289 230
307 201
318 239
307 201
289 230
270 199
244 189
250 0
331 195
250 0
244 189
215 186
215 186
187 193
250 0
331 195
250 0
356 197
307 201
270 199
331 195
244 189
331 195
270 199
349 233
349 242
334 241
349 242
349 233
362 241
244 189
270 199
234 224
289 230
318 239
290 253
318 239
307 201
334 232
349 242
392 304
318 314
307 201
331 195
334 232
356 197
250 0
499 0
331 195
356 197
334 232
378 207
499 0
388 227
499 0
378 207
356 197
388 227
499 0
397 242
356 197
378 207
349 233
388 227
397 242
362 241
356 197
349 233
334 232
378 207
388 227
362 241
270 199
289 230
248 234
395 273
349 242
362 241
318 314
292 300
291 276
292 300
318 314
303 318
289 230
290 253
248 234
318 314
387 335
341 349
239 338
250 309
266 338
250 309
239 338
218 343
361 393
321 364
341 349
266 338
250 309
268 316
341 420
301 371
321 364
283 350
264 357
265 347
264 357
283 350
282 360
250 309
292 300
268 316
210 342
201 229
216 232
301 371
314 441
282 372
268 316
292 300
287 322
287 322
284 343
266 338
284 343
287 322
302 339
268 316
287 322
266 338
287 322
292 300
303 318
318 314
341 349
323 342
210 342
216 232
250 309
201 229
218 222
216 232
234 224
270 199
248 234
248 234
250 309
232 234
232 234
250 309
216 232
349 233
334 241
334 232
349 233
378 207
362 241
318 239
334 232
334 241
210 342
250 309
218 343
263 370
236 441
236 361
282 360
301 371
282 372
301 371
282 360
301 358
239 338
266 338
265 347
321 364
301 348
323 342
301 348
321 364
301 358
266 338
284 343
265 347
341 349
321 364
333 349
284 343
302 339
301 348
302 339
318 314
323 342
302 339
323 342
301 348
323 342
341 349
333 349
321 364
323 342
333 349
284 343
301 348
283 350
321 364
301 371
301 358
265 347
284 343
283 350
239 338
265 347
264 357
282 372
263 370
282 360
236 361
210 342
218 343
263 370
236 361
264 357
264 357
282 360
263 370
301 358
282 360
283 350
283 350
301 348
301 358
250 0
187 193
0 0
