207 239
188 227
196 217
188 227
207 239
183 246
189 288
0 350
185 267
0 350
189 288
193 309
183 246
0 350
188 227
0 350
183 246
185 267
260 290
252 311
251 288
252 311
260 290
261 313
0 350
193 309
201 327
185 267
183 246
207 239
258 261
242 286
225 241
242 286
258 261
258 275
0 350
0 0
188 227
189 288
185 267
242 286
242 286
215 241
225 241
215 241
242 286
185 267
0 350
201 327
214 342
193 309
189 288
229 315
241 312
252 315
252 323
252 315
241 312
252 311
0 350
230 354
0 699
230 354
0 350
214 342
201 327
193 309
229 315
262 334
247 364
253 333
247 364
262 334
266 366
0 699
230 354
250 699
214 342
201 327
229 315
189 288
242 286
229 315
250 699
230 354
247 364
230 354
214 342
241 328
278 285
297 314
283 312
297 314
278 285
343 280
250 699
247 364
266 366
247 364
230 354
253 333
258 261
278 285
258 275
278 285
258 261
282 237
286 363
250 699
266 366
250 699
286 363
499 699
303 352
499 699
286 363
499 699
303 352
499 350
286 363
266 366
272 333
303 352
286 363
285 328
258 275
278 285
269 287
321 340
499 350
303 352
499 350
321 340
334 324
321 340
303 352
285 328
301 237
343 280
278 285
343 280
301 237
343 258
499 350
334 324
341 303
334 324
321 340
297 314
256 234
238 218
271 216
238 218
256 234
234 239
341 303
334 324
297 314
258 261
225 241
234 239
343 280
499 350
341 303
499 350
343 280
343 258
343 280
341 303
297 314
185 267
207 239
215 241
499 350
343 258
343 235
207 239
196 217
210 215
499 350
343 235
499 0
343 235
343 258
310 234
301 237
300 230
310 234
300 230
301 237
292 237
207 239
210 215
215 234
188 227
0 0
196 217
215 234
224 215
225 234
224 215
215 234
210 215
196 217
0 0
250 0
282 237
258 261
257 248
210 215
196 217
250 0
250 0
224 215
210 215
224 215
250 0
285 211
271 216
238 218
285 211
224 215
238 218
225 234
238 218
224 215
285 211
282 237
256 234
271 216
256 234
282 237
257 248
282 237
271 216
290 231
290 231
285 211
300 209
285 211
290 231
271 216
290 231
300 209
300 230
300 209
285 211
250 0
250 0
314 210
300 209
314 210
250 0
499 0
300 230
292 237
290 231
300 209
314 210
300 230
326 217
499 0
343 235
499 0
326 217
314 210
326 217
343 235
310 234
314 210
326 217
310 234
215 234
225 241
215 241
225 241
215 234
225 234
256 234
257 248
234 239
321 340
285 328
297 314
257 248
258 261
234 239
270 311
260 290
269 287
260 290
270 311
261 313
241 328
214 342
229 315
261 317
252 323
252 315
252 323
261 317
261 323
241 312
251 288
252 311
251 288
241 312
242 286
242 286
258 275
251 288
266 366
262 334
272 333
251 288
258 275
260 290
270 315
283 312
271 322
283 312
270 315
270 311
260 290
258 275
269 287
269 287
278 285
270 311
343 258
301 237
310 234
225 241
225 234
234 239
207 239
215 234
215 241
225 234
238 218
234 239
278 285
282 237
292 237
300 230
314 210
310 234
282 237
290 231
292 237
301 237
278 285
292 237
229 315
242 286
241 312
229 315
241 312
234 316
261 323
272 333
262 334
272 333
261 323
271 322
271 322
283 312
285 328
252 311
261 313
252 315
286 363
272 333
285 328
261 313
270 311
270 315
270 311
278 285
283 312
297 314
285 328
292 315
283 312
297 314
292 315
285 328
283 312
292 315
261 313
270 315
261 317
285 328
272 333
271 322
252 315
261 313
261 317
241 312
241 328
234 316
241 328
241 312
252 323
262 334
253 333
261 323
253 333
230 354
241 328
241 328
229 315
234 316
253 333
241 328
252 323
252 323
261 323
253 333
271 322
261 323
261 317
261 317
270 315
271 322
