203 255
177 263
189 244
177 263
203 255
180 281
180 281
0 350
177 263
0 350
180 281
181 298
177 263
0 350
0 0
228 293
243 270
243 281
243 270
228 293
218 257
184 317
0 350
181 298
0 350
184 317
190 333
180 281
228 293
181 298
228 293
180 281
210 257
181 298
228 293
219 324
0 350
190 333
201 347
184 317
181 298
219 324
190 333
219 324
201 347
219 324
190 333
184 317
0 350
215 358
0 699
215 358
0 350
201 347
262 291
243 270
265 254
243 270
262 291
243 281
0 699
215 358
250 699
256 326
269 365
250 367
269 365
256 326
266 323
250 699
215 358
231 365
215 358
201 347
219 324
243 281
262 291
253 294
250 699
231 365
250 367
231 365
215 358
230 326
262 291
319 299
277 319
319 299
262 291
321 281
269 365
250 699
250 367
250 699
269 365
286 358
250 367
231 365
240 327
286 358
499 699
250 699
499 699
286 358
499 350
286 358
269 365
266 323
265 312
262 291
277 319
262 291
265 312
254 309
301 347
499 350
286 358
499 350
301 347
311 334
301 347
286 358
277 319
234 232
244 248
227 255
244 248
234 232
256 231
499 350
311 334
317 317
311 334
301 347
277 319
218 257
219 251
227 255
219 251
218 257
210 251
317 317
311 334
277 319
243 270
218 257
227 255
499 350
317 317
319 299
319 299
317 317
277 319
210 251
222 229
219 251
222 229
210 251
208 228
321 281
499 350
319 299
499 350
321 281
323 263
210 251
196 233
208 228
196 233
210 251
203 255
499 350
323 263
499 0
323 263
321 281
289 254
265 254
243 270
244 259
177 263
0 0
189 244
196 233
203 255
189 244
189 244
0 0
196 233
269 227
222 229
250 0
222 229
269 227
256 231
208 228
196 233
250 0
196 233
0 0
250 0
269 227
273 250
256 231
273 250
269 227
284 227
222 229
208 228
250 0
265 254
256 231
273 250
256 231
265 254
244 248
222 229
234 232
219 251
234 232
222 229
256 231
273 250
284 227
282 250
250 0
284 227
269 227
284 227
250 0
297 232
244 248
265 254
244 259
297 232
250 0
499 0
305 242
499 0
323 263
499 0
305 242
297 232
284 227
297 232
282 250
305 242
289 254
297 232
289 254
305 242
323 263
254 309
244 296
253 294
244 296
254 309
246 311
180 281
203 255
210 257
244 248
244 259
227 255
265 312
254 316
254 309
254 316
265 312
255 318
219 324
228 293
228 315
244 259
243 270
227 255
247 319
254 316
255 318
254 316
247 319
246 318
228 293
239 310
228 315
239 310
228 293
236 294
240 319
247 319
240 327
247 319
240 319
246 318
231 365
230 326
240 327
228 293
243 281
236 294
244 296
239 310
236 294
239 310
244 296
246 311
236 294
243 281
244 296
277 319
286 358
266 323
244 296
243 281
253 294
321 281
262 291
281 256
253 294
262 291
254 309
282 250
281 256
273 250
281 256
282 250
289 254
210 251
218 257
210 257
219 251
234 232
227 255
203 255
210 251
210 257
218 257
228 293
210 257
262 291
265 254
273 256
273 250
281 256
273 256
282 250
297 232
289 254
265 254
273 250
273 256
321 281
281 256
289 254
281 256
262 291
273 256
215 358
219 324
230 326
219 324
228 315
223 323
254 316
246 311
254 309
246 311
254 316
246 318
228 315
239 310
239 318
256 326
250 367
248 327
239 310
246 311
239 318
255 318
265 312
266 323
265 312
277 319
273 318
277 319
266 323
273 318
266 323
265 312
273 318
266 323
256 326
255 318
248 327
250 367
240 327
239 318
246 311
246 318
256 326
248 327
255 318
239 318
230 326
228 315
230 326
239 318
240 319
248 327
240 327
247 319
228 315
230 326
223 323
240 327
230 326
240 319
230 326
219 324
223 323
239 318
246 318
240 319
255 318
248 327
247 319
