224 213
218 184
234 207
218 184
224 213
205 196
176 245
0 350
177 219
0 350
176 245
177 270
177 219
0 350
0 0
234 207
246 217
234 218
246 217
234 207
246 208
0 350
177 270
179 296
176 245
177 219
224 213
176 245
224 213
234 218
177 270
176 245
234 218
286 244
266 275
246 217
266 275
286 244
286 262
189 320
0 350
179 296
0 350
189 320
207 341
179 296
177 270
245 307
285 280
295 301
284 304
295 301
285 280
294 278
0 699
207 341
232 356
207 341
0 699
0 350
189 320
179 296
245 307
275 318
275 309
285 310
275 309
275 318
274 309
0 699
232 356
250 699
207 341
189 320
245 307
303 276
322 307
308 303
322 307
303 276
363 291
250 699
232 356
259 368
232 356
207 341
245 307
262 315
259 368
232 356
259 368
262 315
275 318
250 699
259 368
288 371
245 307
177 270
266 275
313 367
250 699
288 371
250 699
313 367
499 699
288 371
259 368
275 318
499 699
313 367
499 350
313 367
288 371
298 318
333 354
499 350
313 367
499 350
333 354
348 336
333 354
313 367
310 315
331 219
366 267
303 276
366 267
331 219
368 243
499 350
348 336
357 315
348 336
333 354
310 315
234 207
218 184
237 181
357 315
348 336
322 307
286 244
246 217
257 215
499 350
357 315
363 291
363 291
357 315
322 307
246 208
272 193
257 215
272 193
246 208
256 184
366 267
499 350
363 291
499 350
366 267
368 243
366 267
363 291
303 276
234 207
237 181
246 208
499 350
368 243
369 219
224 213
177 219
205 196
499 350
369 219
499 0
369 219
368 243
340 215
285 210
308 216
285 227
308 216
285 210
296 192
205 196
0 0
218 184
0 0
205 196
177 219
218 184
250 0
237 181
250 0
218 184
0 0
296 192
285 210
272 193
313 185
250 0
331 183
250 0
313 185
256 184
250 0
256 184
237 181
296 192
272 193
256 184
237 181
256 184
246 208
256 184
313 185
296 192
368 243
331 219
340 215
286 244
308 216
319 219
308 216
286 244
285 227
308 216
296 192
319 208
331 219
331 208
340 215
331 208
331 219
319 208
296 192
313 185
319 208
331 183
250 0
499 0
319 208
313 185
331 183
331 183
499 0
348 188
357 202
499 0
369 219
499 0
357 202
348 188
331 183
348 188
331 208
357 202
369 219
340 215
331 183
331 208
319 208
348 188
357 202
331 208
272 193
285 210
257 215
319 219
303 276
286 244
303 276
319 219
331 219
266 275
177 270
234 218
285 210
285 227
257 215
286 262
303 276
294 278
303 276
286 262
286 244
260 303
266 275
273 301
266 275
260 303
245 307
285 227
286 244
257 215
288 371
286 319
298 318
286 319
288 371
275 318
274 309
260 303
273 301
260 303
274 309
262 315
273 301
266 275
276 277
266 275
286 262
276 277
285 280
273 301
276 277
273 301
285 280
284 304
276 277
286 262
285 280
308 303
297 309
295 301
297 309
308 303
310 315
285 280
286 262
294 278
294 278
303 276
295 301
246 217
246 208
257 215
224 213
234 207
234 218
246 217
266 275
234 218
319 208
331 219
319 219
308 216
319 208
319 219
357 202
340 215
331 208
232 356
245 307
249 308
245 307
260 303
249 308
275 318
285 310
286 319
313 367
298 318
310 315
273 301
284 304
275 309
295 301
297 309
295 308
284 304
295 301
295 308
295 301
303 276
308 303
348 336
310 315
322 307
308 303
322 307
318 307
322 307
310 315
318 307
310 315
308 303
318 307
310 315
298 318
297 309
284 304
295 308
286 310
298 318
286 319
286 310
262 315
274 309
275 318
260 303
262 315
249 308
262 315
232 356
249 308
274 309
273 301
275 309
286 319
285 310
286 310
284 304
285 310
275 309
285 310
284 304
286 310
298 318
286 310
295 308
298 318
295 308
297 309
