170 288
227 225
238 229
227 225
170 288
169 259
270 292
296 263
297 281
296 263
270 292
262 229
169 259
170 230
227 225
262 229
270 292
251 230
373 309
314 293
379 285
314 293
373 309
329 322
175 318
170 288
237 321
270 292
258 315
241 321
258 315
270 292
279 313
188 344
175 318
237 321
278 321
291 323
277 335
291 323
278 321
291 316
210 364
188 344
237 321
279 313
270 292
281 294
235 380
210 364
256 340
238 229
237 321
170 288
237 321
238 229
270 292
261 392
235 380
256 340
288 395
261 392
276 347
312 390
288 395
289 348
332 373
312 390
302 347
219 198
239 219
227 225
239 219
219 198
238 194
349 355
332 373
316 339
251 230
239 219
252 220
239 219
251 230
238 229
363 333
349 355
329 322
294 227
262 229
275 204
262 229
294 227
295 245
373 309
363 333
329 322
251 230
252 220
262 229
239 219
238 194
252 220
381 259
379 285
341 233
227 225
170 230
203 208
381 234
381 259
351 229
296 263
316 231
328 233
316 231
296 263
295 245
314 293
297 281
296 263
297 281
314 293
304 295
294 227
310 204
316 231
310 204
294 227
275 204
203 208
219 198
227 225
344 196
258 196
238 194
258 196
344 196
326 198
310 204
275 204
258 196
238 194
258 196
252 220
258 196
326 198
310 204
341 223
341 233
328 233
341 233
341 223
351 229
258 196
275 204
252 220
341 223
328 233
328 222
294 227
316 231
295 245
316 231
310 204
328 222
310 204
326 198
328 222
326 198
344 196
341 223
328 222
326 198
341 223
344 196
360 201
341 223
341 223
360 201
351 229
371 213
381 234
351 229
360 201
371 213
351 229
328 233
314 293
296 263
314 293
328 233
341 233
341 233
379 285
314 293
349 355
316 339
329 322
256 340
210 364
237 321
295 245
296 263
262 229
304 295
302 314
293 297
302 314
304 295
314 293
278 321
258 315
279 313
258 315
278 321
277 335
291 316
293 297
302 314
293 297
291 316
279 313
276 347
261 392
256 340
270 292
297 281
281 294
312 390
289 348
302 347
281 294
297 281
293 297
332 373
302 347
316 339
281 294
293 297
279 313
293 297
297 281
304 295
314 293
329 322
318 317
227 225
239 219
238 229
252 220
275 204
262 229
251 230
270 292
238 229
381 259
341 233
351 229
316 231
328 222
328 233
237 321
270 292
241 321
277 335
291 323
290 336
279 313
291 316
278 321
302 322
302 335
291 323
302 335
302 322
316 339
291 316
302 314
302 322
302 314
314 293
318 317
329 322
316 339
323 323
302 314
318 317
302 322
318 317
329 322
323 323
323 323
302 322
318 317
302 322
323 323
316 339
291 316
302 322
291 323
316 339
302 347
302 335
289 348
288 395
276 347
302 347
289 348
290 336
258 315
256 340
241 321
256 340
258 315
277 335
289 348
276 347
277 335
256 340
237 321
241 321
276 347
256 340
277 335
289 348
277 335
290 336
302 347
290 336
302 335
291 323
302 335
290 336
