249 259
209 235
222 232
209 235
249 259
229 294
146 260
0 350
143 232
0 350
146 260
150 289
143 232
0 350
0 0
146 260
196 235
150 289
196 235
146 260
185 231
146 260
143 232
185 231
229 294
249 259
249 278
156 317
0 350
150 289
0 350
156 317
165 342
243 334
254 335
244 336
254 335
243 334
253 328
0 350
165 342
181 364
156 317
150 289
229 294
228 397
244 353
256 401
244 353
228 397
230 349
0 350
203 381
0 699
203 381
0 350
181 364
165 342
156 317
214 339
250 300
263 324
253 328
263 324
250 300
262 297
0 699
203 381
228 397
181 364
165 342
214 339
273 294
296 336
279 329
296 336
273 294
355 316
0 699
228 397
250 699
203 381
181 364
214 339
251 220
232 194
273 193
232 194
251 220
222 232
250 699
228 397
256 401
228 397
203 381
230 349
249 259
273 294
249 278
273 294
249 259
283 231
284 398
250 699
256 401
250 699
284 398
499 699
499 699
284 398
308 383
284 398
256 401
265 352
499 699
308 383
499 350
308 383
284 398
280 347
249 278
273 294
262 297
329 364
499 350
308 383
499 350
329 364
346 342
329 364
308 383
296 336
192 186
196 225
173 194
196 225
192 186
213 187
499 350
346 342
355 316
346 342
329 364
296 336
209 235
209 225
222 232
209 225
209 235
196 225
355 316
346 342
296 336
173 194
196 225
185 231
499 350
355 316
361 288
361 288
355 316
273 294
173 194
185 231
162 209
499 350
361 288
366 258
366 258
361 288
310 234
185 231
143 232
162 209
369 229
499 350
366 258
499 350
369 229
499 0
369 229
366 258
321 229
250 0
192 186
173 194
192 186
250 0
213 187
162 209
0 0
173 194
0 0
162 209
143 232
196 225
213 187
209 225
283 231
249 259
250 240
250 0
313 185
291 186
313 185
250 0
333 191
310 234
309 224
321 229
309 224
310 234
296 234
213 187
291 186
273 193
291 186
213 187
250 0
273 193
232 194
213 187
213 187
232 194
209 225
283 231
273 193
296 224
273 193
283 231
251 220
296 224
273 193
291 186
251 220
283 231
250 240
296 224
291 186
309 224
291 186
313 185
309 224
333 191
250 0
499 0
313 185
333 191
309 224
346 205
499 0
369 229
499 0
346 205
333 191
346 205
321 229
333 191
321 229
346 205
369 229
229 294
150 289
196 235
229 294
196 235
209 235
251 220
250 240
222 232
273 294
279 329
263 324
156 317
229 294
214 339
250 240
249 259
222 232
256 401
254 354
265 352
254 354
256 401
244 353
230 330
229 294
239 297
229 294
230 330
214 339
253 328
243 334
244 325
230 330
239 297
244 325
229 294
249 278
239 297
250 300
244 325
239 297
244 325
250 300
253 328
239 297
249 278
250 300
279 329
264 336
264 333
264 336
279 329
280 347
250 300
249 278
262 297
361 288
273 294
310 234
262 297
273 294
263 324
309 224
296 234
296 224
196 225
209 235
196 235
209 225
232 194
222 232
185 231
196 225
196 235
273 294
283 231
296 234
309 224
333 191
321 229
283 231
296 224
296 234
366 258
310 234
321 229
310 234
273 294
296 234
203 381
214 339
230 349
214 339
230 330
222 339
244 336
254 335
254 337
230 330
244 325
243 334
264 333
263 324
279 329
263 324
264 333
253 328
280 347
296 336
308 383
296 336
280 347
289 336
279 329
296 336
289 336
280 347
279 329
289 336
280 347
284 398
265 352
253 328
264 333
254 335
280 347
265 352
264 336
243 334
230 349
230 330
230 349
243 334
244 336
265 352
254 354
254 337
230 330
230 349
222 339
254 354
244 353
254 337
230 349
214 339
222 339
244 353
230 349
244 336
254 337
254 335
264 336
254 337
264 336
265 352
254 335
264 333
264 336
254 337
244 353
244 336
250 0
173 194
0 0
