123 222
158 262
97 261
158 262
123 222
133 222
97 261
0 299
93 239
0 299
97 261
101 283
92 217
0 299
0 0
0 299
92 217
93 239
97 261
158 262
143 283
0 299
101 283
106 305
93 239
92 217
117 217
156 316
155 327
146 321
155 327
156 316
157 316
97 261
93 239
123 222
165 329
143 369
155 327
143 369
165 329
166 376
0 299
106 305
115 328
101 283
97 261
143 283
166 376
165 329
175 329
0 299
127 350
0 598
127 350
0 299
115 328
106 305
101 283
143 283
143 283
150 291
138 311
150 291
143 283
156 284
0 598
127 350
143 369
115 328
106 305
138 311
205 316
185 285
268 292
185 285
205 316
189 313
0 598
143 369
219 598
127 350
115 328
146 321
219 598
143 369
166 376
143 369
127 350
155 327
268 292
185 285
216 226
219 598
166 376
192 375
217 360
219 598
192 375
219 598
217 360
438 598
192 375
166 376
175 329
438 598
217 360
239 341
217 360
192 375
189 325
239 341
438 299
438 598
438 299
239 341
256 318
239 341
217 360
205 316
133 222
134 214
144 219
134 214
133 222
124 214
438 299
256 318
268 292
256 318
239 341
205 316
124 214
133 222
123 222
268 292
256 318
205 316
109 198
117 217
101 206
117 217
109 198
123 200
438 299
268 292
276 265
276 265
268 292
216 226
101 206
117 217
92 217
438 299
276 265
282 236
282 236
276 265
250 213
285 207
438 299
282 236
438 299
285 207
438 0
285 207
282 236
250 213
92 217
0 0
101 206
185 285
158 262
160 241
158 262
185 285
173 290
101 206
0 0
109 198
219 0
137 203
123 200
137 203
219 0
194 201
123 200
109 198
219 0
175 207
194 201
195 221
194 201
175 207
137 203
175 207
195 221
161 219
195 221
160 241
161 219
160 241
195 221
204 225
123 200
137 203
124 214
137 203
152 209
144 219
152 209
137 203
175 207
185 285
160 241
204 225
234 203
216 217
214 199
216 217
234 203
227 221
152 209
175 207
161 219
216 226
216 217
227 221
216 217
216 226
204 225
219 0
109 198
0 0
194 201
214 199
204 216
214 199
194 201
219 0
219 0
285 207
234 203
285 207
219 0
438 0
219 0
234 203
214 199
250 213
276 265
227 221
234 203
285 207
250 213
234 203
250 213
227 221
158 262
133 222
160 241
152 209
161 219
144 219
106 305
143 283
138 311
161 219
160 241
144 219
156 284
173 290
161 295
173 290
156 284
158 262
217 360
189 325
205 316
156 316
157 312
157 316
157 312
156 316
148 311
158 262
156 284
143 283
161 295
176 312
166 314
176 312
161 295
173 290
150 291
156 284
161 295
127 350
146 321
155 327
150 291
161 295
148 311
161 295
157 312
148 311
157 312
161 295
166 314
173 290
185 285
189 313
216 217
204 225
204 216
276 265
216 226
227 221
123 200
124 214
117 217
93 239
117 217
123 222
134 214
137 203
144 219
137 203
134 214
124 214
117 217
124 214
123 222
144 219
160 241
133 222
195 221
194 201
204 216
214 199
216 217
204 216
195 221
204 216
204 225
216 226
185 285
204 225
115 328
138 311
146 321
138 311
150 291
148 311
138 311
148 311
142 313
165 319
166 314
166 319
166 314
165 319
157 316
175 329
175 318
176 318
175 318
175 329
166 319
157 312
166 314
157 316
176 312
173 290
189 313
192 375
175 329
189 325
166 314
176 312
175 318
205 316
189 325
199 317
176 312
189 313
176 318
189 313
205 316
199 317
176 318
189 313
189 325
189 325
189 313
199 317
175 318
176 312
176 318
189 325
175 329
176 318
165 319
165 329
155 327
165 329
165 319
166 319
175 329
165 329
166 319
148 311
146 321
142 313
146 321
148 311
156 316
146 321
138 311
142 313
155 327
157 316
165 319
166 319
166 314
175 318
