148 231
117 260
115 233
117 260
148 231
169 239
122 286
0 299
117 260
0 299
122 286
128 311
115 233
0 299
0 0
0 299
115 233
117 260
220 339
227 336
226 340
227 336
220 339
221 334
242 304
270 328
236 309
270 328
242 304
275 305
0 299
128 311
139 335
122 286
117 260
169 239
239 390
225 351
232 350
225 351
239 390
220 394
0 299
156 356
0 598
156 356
0 299
139 335
128 311
122 286
207 303
232 350
225 344
232 343
225 344
232 350
225 351
0 598
156 356
175 374
139 335
128 311
207 303
208 346
197 389
175 374
197 389
208 346
218 350
0 598
175 374
197 389
156 356
139 335
198 339
198 339
139 335
207 303
0 598
197 389
219 598
175 374
156 356
198 339
207 303
122 286
177 245
219 598
197 389
220 394
122 286
169 239
177 245
239 390
219 598
220 394
219 598
239 390
438 598
220 394
197 389
218 350
438 598
253 373
438 299
253 373
438 598
239 390
438 299
253 373
264 351
253 373
239 390
232 350
189 235
187 246
178 234
187 246
189 235
197 244
438 299
264 351
270 328
264 351
253 373
238 348
163 223
178 234
169 239
178 234
163 223
182 221
270 328
264 351
244 341
178 234
187 246
177 245
438 299
270 328
275 305
438 299
275 305
280 283
280 283
275 305
242 304
197 244
226 244
228 262
226 244
197 244
218 231
438 299
280 283
284 260
284 260
280 283
260 248
197 244
201 225
218 231
201 225
197 244
189 235
285 237
438 299
284 260
438 299
285 237
284 233
285 237
284 260
267 242
276 225
219 0
438 0
219 0
276 225
262 223
163 223
115 233
219 0
115 233
163 223
148 231
229 280
197 244
228 262
197 244
229 280
207 303
115 233
0 0
219 0
226 244
233 231
239 245
233 231
226 244
218 231
148 231
163 223
169 239
201 225
248 225
218 231
248 225
201 225
219 0
182 221
163 223
219 0
182 221
201 225
189 235
201 225
182 221
219 0
233 231
248 225
248 236
248 225
233 231
218 231
248 236
249 248
239 245
249 248
248 236
260 236
226 244
239 245
228 262
239 245
233 231
248 236
249 248
260 236
260 248
260 248
260 236
267 242
248 225
219 0
262 223
248 225
262 223
260 236
260 236
276 225
267 242
276 225
260 236
262 223
284 233
438 0
438 299
438 0
284 233
276 225
267 242
276 225
284 233
284 233
285 237
267 242
260 248
229 280
249 248
229 280
260 248
280 283
229 280
280 283
242 304
229 280
242 304
231 299
207 303
229 280
231 299
229 280
228 262
249 248
231 299
227 312
217 308
227 312
231 299
236 309
198 339
207 303
210 335
207 303
231 299
217 308
227 336
232 339
226 340
232 339
227 336
233 335
207 303
217 308
210 335
227 312
227 336
221 334
227 336
227 312
233 335
217 308
227 312
221 334
233 335
227 312
236 309
236 309
270 328
239 338
236 309
231 299
242 304
207 303
177 245
187 246
169 239
178 234
177 245
178 234
182 221
189 235
197 244
207 303
187 246
284 260
260 248
267 242
228 262
239 245
249 248
248 225
260 236
248 236
175 374
198 339
208 346
210 335
217 308
221 334
198 339
210 335
203 340
210 335
221 334
220 339
253 373
232 350
238 348
233 335
236 309
239 338
232 343
240 341
238 348
240 341
232 343
232 339
240 341
232 339
239 338
233 335
239 338
232 339
239 338
270 328
244 341
239 338
244 341
240 341
244 341
264 351
238 348
244 341
238 348
240 341
232 339
232 343
226 340
238 348
232 350
232 343
225 351
220 394
218 350
220 339
225 344
219 343
225 344
220 339
226 340
219 343
210 335
220 339
210 335
219 343
208 346
225 351
218 350
225 344
210 335
208 346
203 340
218 350
208 346
219 343
208 346
198 339
203 340
219 343
225 344
218 350
232 343
225 344
226 340
