131 201
146 216
125 210
146 216
131 201
143 198
118 278
0 299
116 256
0 299
118 278
125 299
115 235
0 299
125 210
0 299
115 235
116 256
203 271
278 267
231 303
278 267
203 271
225 220
0 299
0 0
125 210
116 256
115 235
140 225
167 300
175 277
178 298
175 277
167 300
167 274
0 299
135 320
147 338
135 320
0 299
125 299
118 278
116 256
167 274
178 317
167 300
179 301
167 300
178 317
168 318
0 299
147 338
0 598
125 299
118 278
167 274
189 302
179 301
188 299
179 301
189 302
178 317
0 598
147 338
163 355
135 320
125 299
158 308
190 324
197 369
178 368
197 369
190 324
200 323
0 598
163 355
178 368
147 338
135 320
158 308
218 366
200 323
216 317
200 323
218 366
197 369
0 598
178 368
219 598
163 355
147 338
168 318
219 598
178 368
197 369
178 368
163 355
190 324
181 264
203 271
194 275
203 271
181 264
181 247
218 366
219 598
197 369
219 598
218 366
239 353
219 598
239 353
438 598
438 598
256 334
438 299
256 334
438 598
239 353
239 353
218 366
216 317
203 271
181 247
206 220
438 299
256 334
268 314
256 334
239 353
216 317
166 205
181 217
163 223
181 217
166 205
192 200
438 299
268 314
276 291
268 314
256 334
231 303
167 274
155 225
181 247
155 225
167 274
146 226
276 291
268 314
231 303
163 223
181 217
181 231
438 299
276 291
278 267
278 267
276 291
231 303
146 216
155 225
146 226
155 225
146 216
154 216
279 243
438 299
278 267
438 299
279 243
276 220
279 243
278 267
225 220
125 210
146 216
140 225
438 299
276 220
438 0
276 220
279 243
232 216
223 209
234 192
245 201
234 192
223 209
219 190
146 216
143 198
155 200
115 235
125 210
140 225
125 210
0 0
131 201
116 256
140 225
146 226
131 201
0 0
143 198
204 193
155 200
143 198
155 200
204 193
192 200
192 200
166 205
155 200
206 220
181 247
181 231
155 200
166 205
154 216
206 220
192 200
213 211
192 200
206 220
181 217
213 211
192 200
204 193
213 211
204 193
219 190
204 193
143 198
219 0
219 0
143 198
0 0
181 217
206 220
181 231
219 190
204 193
219 0
219 0
234 192
219 190
234 192
219 0
245 201
245 201
438 0
276 220
438 0
245 201
219 0
245 201
232 216
223 209
232 216
245 201
276 220
167 274
181 247
181 264
116 256
146 226
167 274
214 298
203 271
231 303
203 271
214 298
199 297
181 231
181 247
163 223
231 303
216 317
225 304
216 317
231 303
256 334
158 308
167 274
167 300
167 274
158 308
125 299
178 298
185 279
188 299
185 279
178 298
175 277
179 323
163 355
168 318
163 355
179 323
190 324
167 274
181 264
175 277
175 277
181 264
185 279
199 297
185 279
194 275
185 279
199 297
188 299
185 279
181 264
194 275
279 243
225 220
232 216
194 275
203 271
199 297
223 209
215 220
213 211
215 220
223 209
225 220
163 223
181 247
155 225
155 200
154 216
146 216
140 225
146 216
146 226
166 205
163 223
154 216
154 216
163 223
155 225
203 271
206 220
215 220
206 220
213 211
215 220
213 211
219 190
223 209
225 220
223 209
232 216
225 220
203 271
215 220
147 338
158 308
168 318
158 308
167 300
162 308
178 317
189 302
189 318
167 300
178 298
179 301
200 301
189 302
199 297
189 302
200 301
199 316
178 298
188 299
179 301
214 298
200 301
199 297
200 301
214 298
216 317
188 299
199 297
189 302
214 298
231 303
225 304
216 317
214 298
225 304
216 317
200 323
199 316
200 323
190 324
199 316
167 300
168 318
162 308
190 324
179 323
189 318
168 318
158 308
162 308
179 323
168 318
178 317
178 317
189 318
179 323
189 318
199 316
190 324
199 316
189 318
189 302
216 317
199 316
200 301
