119 247
140 242
129 264
140 242
119 247
109 240
0 299
0 0
81 240
85 274
0 299
81 240
0 299
85 274
85 297
101 262
109 254
109 262
109 254
101 262
101 253
100 371
0 299
95 345
0 299
100 371
108 395
85 297
85 274
126 283
161 449
155 378
173 376
155 378
161 449
133 438
95 345
0 299
90 319
85 297
90 319
0 299
90 319
85 297
121 303
143 369
144 377
140 371
144 377
143 369
151 371
95 345
90 319
108 332
130 363
129 341
139 365
129 341
130 363
125 365
0 598
108 395
116 418
108 395
0 598
0 299
100 371
95 345
116 339
144 377
116 418
136 375
116 418
144 377
155 378
0 598
116 418
133 438
108 395
100 371
126 371
155 378
153 370
169 367
153 370
155 378
151 371
0 598
133 438
161 449
116 418
108 395
136 375
155 378
133 438
116 418
0 598
161 449
219 598
142 337
121 303
156 334
121 303
142 337
116 323
219 598
161 449
195 450
129 341
116 323
142 337
116 323
129 341
116 339
231 441
219 598
195 450
219 598
231 441
262 425
195 450
161 449
173 376
219 598
262 425
438 598
231 441
195 450
193 374
438 598
285 398
438 299
285 398
438 598
262 425
262 425
231 441
193 374
162 234
173 264
140 242
173 264
162 234
180 258
438 299
285 398
299 366
285 398
262 425
193 374
90 319
116 323
108 332
116 323
90 319
121 303
299 366
285 398
193 374
119 247
129 264
118 260
438 299
299 366
303 330
303 330
299 366
193 374
211 244
192 259
187 236
192 259
211 244
205 266
438 299
303 330
304 292
304 292
303 330
231 259
109 262
109 254
118 260
303 255
438 299
304 292
438 299
303 255
438 0
303 255
304 292
231 259
88 235
96 257
81 240
96 257
88 235
101 253
85 274
81 240
96 257
81 240
0 0
88 235
99 236
0 0
219 0
0 0
99 236
88 235
162 234
140 242
109 240
88 235
99 236
101 253
99 236
109 240
101 253
109 240
99 236
162 234
173 264
129 264
140 242
129 264
173 264
126 283
126 283
109 262
118 260
109 262
126 283
101 262
109 240
119 247
109 254
126 283
85 274
101 262
193 374
156 334
192 269
156 334
193 374
186 373
162 234
99 236
219 0
219 0
303 255
211 244
303 255
219 0
438 0
162 234
187 236
180 258
187 236
162 234
219 0
303 255
231 259
211 244
211 244
187 236
219 0
231 259
303 330
193 374
211 244
231 259
205 266
121 303
85 297
126 283
129 264
126 283
118 260
126 283
156 334
121 303
156 334
126 283
173 264
100 371
116 339
125 365
108 332
116 339
95 345
116 339
108 332
116 323
100 371
125 365
126 371
193 374
195 450
173 376
116 339
129 341
125 365
129 341
142 337
139 365
192 269
192 259
205 266
192 259
192 269
181 268
205 266
193 374
192 269
193 374
205 266
231 259
142 337
156 334
150 364
85 274
96 257
101 262
109 240
109 254
101 253
96 257
101 253
101 262
119 247
118 260
109 254
156 334
173 264
181 268
173 264
180 258
181 268
180 258
187 236
192 259
180 258
192 259
181 268
192 269
156 334
181 268
108 395
126 371
130 372
125 365
130 363
129 370
136 375
132 369
140 371
132 369
136 375
130 372
126 371
125 365
129 370
139 365
142 337
150 364
155 378
169 367
173 376
130 363
139 365
134 366
139 365
150 364
143 369
150 364
156 334
169 367
150 364
169 367
153 370
169 367
156 334
186 373
193 374
173 376
186 373
173 376
169 367
186 373
139 365
143 369
140 371
155 378
144 377
151 371
140 371
132 369
134 366
144 377
136 375
140 371
136 375
108 395
130 372
130 372
126 371
129 370
132 369
130 363
134 366
130 363
132 369
129 370
130 372
129 370
132 369
140 371
134 366
139 365
150 364
151 371
143 369
151 371
150 364
153 370
