295 285
213 245
241 235
213 245
295 285
287 320
171 245
128 240
149 230
128 240
171 245
122 260
70 243
0 299
65 222
0 299
70 243
67 268
67 268
70 243
87 241
72 326
0 299
68 295
0 299
72 326
78 355
68 295
0 299
67 268
68 295
67 268
115 281
124 354
118 325
135 351
118 325
124 354
114 350
0 299
0 0
65 222
72 326
68 295
97 313
115 358
107 358
116 354
107 358
115 358
110 363
0 299
78 355
87 381
78 355
72 326
107 351
115 358
124 360
117 368
124 360
115 358
116 354
0 598
87 381
100 404
87 381
0 598
0 299
87 381
78 355
102 356
102 356
78 355
107 351
0 598
100 404
114 420
100 404
87 381
117 368
126 358
135 351
137 358
135 351
126 358
124 354
0 598
114 420
136 429
114 420
100 404
127 371
135 321
109 302
115 281
109 302
135 321
118 325
0 598
136 429
219 598
136 429
114 420
138 371
68 295
115 281
109 302
219 598
136 429
167 428
167 428
136 429
138 371
230 400
219 598
200 419
219 598
230 400
438 598
200 419
219 598
167 428
200 419
167 428
158 369
153 316
115 281
122 260
115 281
153 316
135 321
230 400
200 419
181 363
438 598
230 400
255 380
255 380
230 400
181 363
67 268
87 241
100 242
438 598
275 354
438 299
275 354
438 598
255 380
275 354
255 380
181 363
120 228
114 240
101 228
114 240
120 228
128 240
438 299
275 354
287 320
287 320
275 354
181 363
101 228
87 241
88 227
87 241
101 228
100 242
287 320
295 285
438 299
67 268
100 242
115 281
295 285
300 249
438 299
300 249
295 285
241 235
105 219
171 219
149 230
171 219
105 219
88 212
88 227
65 222
73 212
65 222
88 227
79 236
70 243
65 222
79 236
73 212
65 222
0 0
149 230
171 219
171 245
73 212
88 212
88 227
88 212
73 212
0 0
287 320
181 363
199 250
88 212
105 219
88 227
199 250
200 236
213 245
200 236
199 250
185 235
105 219
120 228
101 228
120 228
105 219
149 230
153 316
122 260
171 245
200 236
223 220
213 245
223 220
200 236
197 214
120 228
149 230
128 240
171 219
88 212
219 0
219 0
88 212
0 0
219 0
223 220
197 214
223 220
219 0
300 249
171 219
197 214
185 235
197 214
171 219
219 0
223 220
300 249
241 235
300 249
219 0
438 0
223 220
241 235
213 245
115 281
100 242
122 260
68 295
109 302
97 313
128 240
122 260
114 240
153 316
181 363
174 361
181 363
153 316
199 250
137 358
158 369
138 371
158 369
137 358
155 354
97 313
106 321
72 326
106 321
97 313
109 302
72 326
106 321
107 351
106 321
109 302
118 325
118 325
107 351
106 321
107 351
118 325
114 350
200 419
158 369
181 363
118 325
135 321
135 351
135 321
153 316
155 354
287 320
199 250
213 245
105 219
101 228
88 227
70 243
79 236
87 241
79 236
88 227
87 241
100 242
101 228
114 240
114 240
122 260
100 242
153 316
171 245
183 249
171 245
171 219
185 235
171 245
185 235
183 249
185 235
197 214
200 236
185 235
199 250
183 249
199 250
153 316
183 249
87 381
102 356
110 363
127 371
100 404
117 368
102 356
107 351
107 358
138 371
114 420
127 371
107 351
114 350
116 354
114 350
124 354
116 354
135 351
135 321
155 354
137 358
138 371
136 360
167 428
138 371
158 369
135 351
155 354
137 358
155 354
153 316
174 361
158 369
155 354
174 361
181 363
158 369
174 361
127 371
136 360
138 371
136 360
127 371
124 360
115 358
117 368
110 363
116 354
107 358
107 351
127 371
117 368
124 360
117 368
87 381
110 363
110 363
102 356
107 358
124 360
116 354
124 354
124 360
124 354
126 358
136 360
124 360
126 358
126 358
137 358
136 360
300 249
438 0
438 299
