66 127
87 122
79 141
87 122
66 127
57 122
54 142
36 165
37 148
36 165
54 142
73 170
37 148
0 150
36 122
0 150
37 148
36 165
0 150
46 202
0 299
46 202
0 150
40 184
0 150
0 0
36 122
36 165
40 184
0 150
40 184
36 165
73 170
106 142
76 155
79 141
76 155
106 142
73 170
0 299
46 202
52 218
46 202
40 184
64 194
75 218
76 225
72 222
76 225
75 218
81 220
0 299
52 218
60 234
52 218
46 202
64 194
69 247
76 225
83 227
76 225
69 247
60 234
0 299
60 234
69 247
60 234
52 218
67 219
80 215
78 199
81 215
78 199
80 215
75 213
0 299
69 247
77 259
92 227
102 217
103 226
102 217
92 227
90 220
0 299
77 259
92 265
77 259
69 247
83 227
78 199
69 185
87 198
69 185
78 199
70 198
0 299
92 265
127 299
92 265
77 259
92 227
64 194
40 184
69 185
127 299
92 265
112 265
112 265
92 265
103 226
133 256
127 299
112 265
127 299
133 256
153 243
133 256
112 265
118 223
40 184
73 170
69 185
127 299
153 243
253 299
153 243
133 256
118 223
73 170
62 142
76 155
62 142
73 170
54 142
253 299
153 243
170 226
170 226
153 243
118 223
73 170
87 198
69 185
87 198
73 170
95 196
253 299
183 207
253 150
183 207
253 299
170 226
183 207
170 226
118 223
253 150
183 207
191 183
191 183
183 207
135 139
104 118
115 132
106 142
115 132
104 118
121 114
253 150
191 183
194 159
194 159
191 183
135 139
48 138
36 122
54 131
36 122
48 138
37 148
194 159
194 136
253 150
194 136
194 159
151 126
194 159
135 139
151 126
253 150
194 136
253 0
36 122
49 117
54 131
49 117
36 122
41 116
41 116
36 122
0 0
127 0
87 122
49 117
87 122
127 0
104 118
49 117
41 116
0 0
127 0
49 117
0 0
62 132
62 142
54 142
62 142
62 132
70 142
49 117
57 122
54 131
57 122
49 117
87 122
138 117
125 132
121 114
125 132
138 117
135 139
66 127
79 141
70 142
57 122
66 127
62 132
106 142
79 141
87 122
95 196
73 170
106 142
126 142
118 223
95 196
118 223
126 142
183 207
87 122
104 118
106 142
127 0
138 117
121 114
138 117
127 0
253 0
121 114
104 118
127 0
194 136
138 117
253 0
138 117
194 136
151 126
138 117
151 126
135 139
79 141
76 155
70 142
95 196
118 223
113 222
102 217
90 220
91 216
92 265
92 227
103 226
70 214
64 194
70 198
64 194
70 214
52 218
52 218
70 214
67 219
64 194
69 185
70 198
75 213
70 214
74 212
70 214
75 213
75 218
118 223
112 265
103 226
70 198
78 199
74 212
78 199
87 198
81 215
135 139
183 207
126 142
87 198
95 196
90 214
125 132
126 142
115 142
126 142
125 132
135 139
62 132
54 142
54 131
37 148
48 138
54 142
57 122
62 132
54 131
48 138
54 131
54 142
66 127
70 142
62 132
70 142
76 155
62 142
95 196
106 142
115 142
106 142
115 132
115 142
115 132
121 114
125 132
115 132
125 132
115 142
126 142
95 196
115 142
70 214
70 198
74 212
60 234
67 219
72 222
67 219
70 214
70 218
74 212
78 199
75 213
90 220
81 215
90 214
81 215
90 220
81 220
87 198
90 214
81 215
92 227
77 259
83 227
90 214
95 196
102 217
90 214
102 217
91 216
102 217
95 196
113 222
118 223
103 226
113 222
103 226
102 217
113 222
83 227
90 220
92 227
90 220
83 227
81 220
81 220
75 218
80 215
83 227
76 225
81 220
76 225
60 234
72 222
72 222
67 219
70 218
70 214
75 218
70 218
72 222
70 218
75 218
80 215
75 218
75 213
81 220
80 215
81 215
90 220
90 214
91 216
