317 284
320 318
326 353
330 387
341 421
361 453
383 480
414 503
454 509
492 504
518 478
537 449
554 418
565 383
570 347
575 314
577 280
336 271
357 256
386 257
411 266
437 280
468 281
493 269
515 263
539 261
556 275
454 302
456 325
457 349
458 373
431 390
444 395
457 399
469 396
480 391
365 296
379 288
399 291
416 302
397 307
378 305
486 304
505 294
523 293
536 303
523 310
505 310
399 423
425 425
446 427
458 430
470 428
487 427
507 423
486 434
469 439
457 439
444 439
423 435
407 425
445 436
458 438
470 436
498 425
469 427
457 429
445 427
0 0
0 562
899 0
899 562
0 281
450 0
899 281
450 562
