336 216
331 246
330 275
330 306
333 336
341 365
349 395
359 423
380 437
408 442
438 432
468 418
497 400
522 376
539 347
556 317
570 282
339 198
360 195
381 207
399 222
415 239
447 253
475 253
501 256
525 262
544 273
425 265
417 292
409 319
401 346
375 334
385 346
398 356
415 354
431 352
355 236
370 240
384 247
396 255
380 253
365 248
462 279
481 281
497 288
511 292
493 294
477 289
349 358
367 364
383 370
394 378
410 379
430 385
453 388
424 399
401 400
385 397
372 390
359 376
355 363
380 377
392 383
408 386
444 388
405 385
389 383
377 376
0 0
0 562
899 0
899 562
0 281
450 0
899 281
450 562
