440 282
440 316
442 350
447 381
456 413
468 443
482 470
499 497
527 508
559 504
586 481
611 455
634 425
649 392
660 360
668 327
674 294
453 279
470 274
489 279
507 288
525 298
562 303
583 292
607 284
632 285
649 298
540 311
537 335
533 361
530 386
503 378
516 390
532 401
550 394
565 385
468 300
482 295
498 296
512 308
496 306
480 304
576 314
592 303
609 304
625 312
609 315
593 315
474 398
494 401
516 409
530 413
546 412
570 409
598 407
572 445
546 461
529 462
513 457
491 437
479 402
515 413
530 417
546 417
592 411
546 449
530 450
514 445
0 0
0 562
899 0
899 562
0 281
450 0
899 281
450 562
