284 252
295 279
306 304
319 328
336 350
360 368
389 380
422 385
452 380
476 365
490 344
498 321
501 296
500 271
496 243
489 218
482 193
302 228
311 212
329 201
351 199
371 204
406 194
419 179
435 169
452 167
466 174
397 213
403 227
411 242
418 257
400 283
411 282
423 281
430 276
437 269
330 241
340 230
353 226
369 230
357 238
343 242
421 213
429 202
443 198
454 202
447 210
434 214
384 326
400 315
416 306
428 305
436 299
453 297
467 298
461 315
449 325
439 331
427 334
407 336
392 325
419 318
430 316
440 310
461 301
443 310
433 316
422 318
0 0
0 562
899 0
899 562
0 281
450 0
899 281
450 562
