303 235
307 274
314 312
320 347
330 380
347 408
369 434
398 450
432 459
467 454
498 437
524 411
542 380
555 348
564 311
568 274
571 234
320 221
335 200
362 188
391 190
418 204
453 204
479 192
507 190
531 201
546 219
435 228
436 254
436 280
436 306
406 311
419 318
436 325
453 318
467 311
352 229
370 223
388 223
406 232
387 237
369 236
467 234
484 225
502 225
518 231
503 238
485 238
380 359
397 347
421 343
436 346
453 343
476 347
491 360
474 384
451 394
434 396
417 394
396 383
386 359
420 352
436 354
452 352
484 359
451 377
435 379
419 377
0 0
0 562
899 0
899 562
0 281
450 0
899 281
450 562
