101 186
100 218
101 251
105 283
114 314
131 342
151 364
176 378
206 381
234 377
256 360
275 340
290 315
300 288
305 260
309 232
312 202
125 174
140 159
160 154
181 159
200 167
242 170
260 164
278 163
295 168
303 184
220 197
219 218
219 240
218 261
188 268
201 272
216 277
230 273
242 270
147 195
160 189
174 191
186 200
173 203
158 201
247 204
259 196
272 196
282 203
273 207
260 207
161 307
182 305
202 305
215 308
229 305
245 306
258 310
244 325
228 332
213 334
200 332
181 325
168 309
201 313
214 315
228 313
251 311
228 319
214 321
201 319
