183 246
185 267
189 288
193 309
201 327
214 342
230 354
247 364
266 366
286 363
303 352
321 340
334 324
341 303
343 280
343 258
343 235
188 227
196 217
210 215
224 215
238 218
271 216
285 211
300 209
314 210
326 217
256 234
257 248
258 261
258 275
242 286
251 288
260 290
269 287
278 285
207 239
215 234
225 234
234 239
225 241
215 241
282 237
290 231
300 230
310 234
301 237
292 237
229 315
241 312
252 311
261 313
270 311
283 312
297 314
285 328
272 333
262 334
253 333
241 328
234 316
252 315
261 317
270 315
292 315
271 322
261 323
252 323
0 0
0 699
499 0
499 699
0 350
250 0
499 350
250 699
