143 232
146 260
150 289
156 317
165 342
181 364
203 381
228 397
256 401
284 398
308 383
329 364
346 342
355 316
361 288
366 258
369 229
162 209
173 194
192 186
213 187
232 194
273 193
291 186
313 185
333 191
346 205
251 220
250 240
249 259
249 278
229 294
239 297
250 300
262 297
273 294
185 231
196 225
209 225
222 232
209 235
196 235
283 231
296 224
309 224
321 229
310 234
296 234
214 339
230 330
244 325
253 328
263 324
279 329
296 336
280 347
265 352
254 354
244 353
230 349
222 339
243 334
254 335
264 333
289 336
264 336
254 337
244 336
0 0
0 699
499 0
499 699
0 350
250 0
499 350
250 699
