170 230
169 259
170 288
175 318
188 344
210 364
235 380
261 392
288 395
312 390
332 373
349 355
363 333
373 309
379 285
381 259
381 234
203 208
219 198
238 194
258 196
275 204
310 204
326 198
344 196
360 201
371 213
294 227
295 245
296 263
297 281
270 292
281 294
293 297
304 295
314 293
227 225
239 219
252 220
262 229
251 230
238 229
316 231
328 222
341 223
351 229
341 233
328 233
237 321
258 315
279 313
291 316
302 314
318 317
329 322
316 339
302 347
289 348
276 347
256 340
241 321
278 321
291 323
302 322
323 323
302 335
290 336
277 335
0 0
0 699
499 0
499 699
0 350
250 0
499 350
250 699
