177 219
176 245
177 270
179 296
189 320
207 341
232 356
259 368
288 371
313 367
333 354
348 336
357 315
363 291
366 267
368 243
369 219
205 196
218 184
237 181
256 184
272 193
296 192
313 185
331 183
348 188
357 202
285 210
285 227
286 244
286 262
266 275
276 277
285 280
294 278
303 276
224 213
234 207
246 208
257 215
246 217
234 218
308 216
319 208
331 208
340 215
331 219
319 219
245 307
260 303
273 301
284 304
295 301
308 303
322 307
310 315
298 318
286 319
275 318
262 315
249 308
274 309
285 310
295 308
318 307
297 309
286 310
275 309
0 0
0 699
499 0
499 699
0 350
250 0
499 350
250 699
