177 263
180 281
181 298
184 317
190 333
201 347
215 358
231 365
250 367
269 365
286 358
301 347
311 334
317 317
319 299
321 281
323 263
189 244
196 233
208 228
222 229
234 232
256 231
269 227
284 227
297 232
305 242
244 248
244 259
243 270
243 281
228 293
236 294
244 296
253 294
262 291
203 255
210 251
219 251
227 255
218 257
210 257
265 254
273 250
282 250
289 254
281 256
273 256
219 324
228 315
239 310
246 311
254 309
265 312
277 319
266 323
256 326
248 327
240 327
230 326
223 323
239 318
246 318
254 316
273 318
255 318
247 319
240 319
0 0
0 699
499 0
499 699
0 350
250 0
499 350
250 699
