126 223
129 261
133 298
138 336
151 370
173 399
202 424
236 441
276 446
314 441
341 420
361 393
377 365
387 335
392 304
395 273
397 242
168 212
187 193
215 186
244 189
270 199
307 201
331 195
356 197
378 207
388 227
289 230
290 253
291 276
292 300
250 309
268 316
287 322
303 318
318 314
201 229
218 222
234 224
248 234
232 234
216 232
318 239
334 232
349 233
362 241
349 242
334 241
210 342
239 338
266 338
284 343
302 339
323 342
341 349
321 364
301 371
282 372
263 370
236 361
218 343
265 347
283 350
301 348
333 349
301 358
282 360
264 357
0 0
0 699
499 0
499 699
0 350
250 0
499 350
250 699
