131 271
130 286
132 303
137 321
143 339
151 355
162 369
176 379
198 378
222 374
245 363
267 350
284 333
294 312
298 289
298 266
297 243
131 245
133 234
141 226
152 223
164 225
186 219
201 212
217 210
233 213
246 223
176 245
174 257
173 268
171 280
164 297
171 299
179 300
189 295
200 291
142 260
147 253
155 250
164 254
157 257
149 259
206 245
212 238
221 237
231 240
222 242
213 244
167 331
170 321
177 314
185 315
192 311
207 312
225 318
211 330
198 337
190 340
181 341
174 339
171 331
178 322
186 321
194 318
220 319
196 327
187 329
180 331
0 0
0 699
499 0
499 699
0 350
250 0
499 350
250 699
