115 233
117 260
122 286
128 311
139 335
156 356
175 374
197 389
220 394
239 390
253 373
264 351
270 328
275 305
280 283
284 260
285 237
148 231
163 223
182 221
201 225
218 231
233 231
248 225
262 223
276 225
284 233
226 244
228 262
229 280
231 299
207 303
217 308
227 312
236 309
242 304
169 239
178 234
189 235
197 244
187 246
177 245
239 245
248 236
260 236
267 242
260 248
249 248
198 339
210 335
221 334
227 336
233 335
239 338
244 341
238 348
232 350
225 351
218 350
208 346
203 340
220 339
226 340
232 339
240 341
232 343
225 344
219 343
0 0
0 598
438 0
438 598
0 299
219 0
438 299
219 598
