70 243
67 268
68 295
72 326
78 355
87 381
100 404
114 420
136 429
167 428
200 419
230 400
255 380
275 354
287 320
295 285
300 249
65 222
73 212
88 212
105 219
120 228
149 230
171 219
197 214
223 220
241 235
128 240
122 260
115 281
109 302
97 313
106 321
118 325
135 321
153 316
79 236
88 227
101 228
114 240
100 242
87 241
171 245
185 235
200 236
213 245
199 250
183 249
102 356
107 351
114 350
124 354
135 351
155 354
181 363
158 369
138 371
127 371
117 368
110 363
107 358
115 358
124 360
136 360
174 361
137 358
126 358
116 354
0 0
0 598
438 0
438 598
0 299
219 0
438 299
219 598
