115 235
116 256
118 278
125 299
135 320
147 338
163 355
178 368
197 369
218 366
239 353
256 334
268 314
276 291
278 267
279 243
276 220
125 210
131 201
143 198
155 200
166 205
192 200
204 193
219 190
234 192
245 201
181 217
181 231
181 247
181 264
167 274
175 277
185 279
194 275
203 271
140 225
146 216
154 216
163 223
155 225
146 226
206 220
213 211
223 209
232 216
225 220
215 220
158 308
167 300
178 298
188 299
199 297
214 298
231 303
216 317
200 323
190 324
179 323
168 318
162 308
179 301
189 302
200 301
225 304
199 316
189 318
178 317
0 0
0 598
438 0
438 598
0 299
219 0
438 299
219 598
