85 274
85 297
90 319
95 345
100 371
108 395
116 418
133 438
161 449
195 450
231 441
262 425
285 398
299 366
303 330
304 292
303 255
81 240
88 235
99 236
109 240
119 247
140 242
162 234
187 236
211 244
231 259
129 264
126 283
121 303
116 323
108 332
116 339
129 341
142 337
156 334
96 257
101 253
109 254
118 260
109 262
101 262
173 264
180 258
192 259
205 266
192 269
181 268
126 371
125 365
130 363
139 365
150 364
169 367
193 374
173 376
155 378
144 377
136 375
130 372
129 370
132 369
140 371
151 371
186 373
153 370
143 369
134 366
0 0
0 598
438 0
438 598
0 299
219 0
438 299
219 598
