92 217
93 239
97 261
101 283
106 305
115 328
127 350
143 369
166 376
192 375
217 360
239 341
256 318
268 292
276 265
282 236
285 207
101 206
109 198
123 200
137 203
152 209
175 207
194 201
214 199
234 203
250 213
161 219
160 241
158 262
156 284
143 283
150 291
161 295
173 290
185 285
117 217
124 214
134 214
144 219
133 222
123 222
195 221
204 216
216 217
227 221
216 226
204 225
138 311
148 311
157 312
166 314
176 312
189 313
205 316
189 325
175 329
165 329
155 327
146 321
142 313
157 316
166 319
176 318
199 317
175 318
165 319
156 316
0 0
0 598
438 0
438 598
0 299
219 0
438 299
219 598
