94 174
92 211
92 252
97 289
114 323
140 350
169 372
202 387
232 388
256 380
273 357
290 334
304 308
314 279
321 250
325 219
326 189
134 167
154 154
178 150
202 155
224 165
268 167
284 161
301 158
316 161
322 173
244 186
246 209
248 232
250 256
219 268
231 271
242 274
252 272
260 267
162 184
176 178
191 179
203 187
189 190
174 190
267 189
280 181
295 181
303 189
295 194
281 193
187 304
208 303
227 303
239 307
253 303
263 303
273 305
263 316
253 322
239 324
225 323
206 318
193 305
226 309
239 311
253 308
269 305
253 306
239 309
226 307
