242 170
220 197
200 167
220 197
242 170
247 204
228 332
214 321
228 319
214 321
228 332
213 334
100 218
101 186
147 195
201 272
182 305
188 268
182 305
201 272
202 305
101 251
100 218
158 201
181 325
182 305
201 313
182 305
181 325
168 309
105 283
101 251
188 268
114 314
161 307
131 342
161 307
114 314
105 283
258 310
244 325
251 311
244 325
258 310
275 340
219 240
188 268
173 203
188 268
219 240
218 261
151 364
131 342
181 325
242 270
218 261
219 240
218 261
242 270
230 273
176 378
151 364
181 325
158 201
100 218
147 195
206 381
176 378
200 332
234 377
206 381
213 334
256 360
234 377
228 332
309 232
273 207
282 203
273 207
309 232
305 260
275 340
256 360
244 325
290 315
275 340
258 310
160 154
160 189
140 159
160 189
160 154
181 159
300 288
290 315
258 310
174 191
173 203
158 201
173 203
174 191
186 200
305 260
300 288
242 270
140 159
160 189
147 195
140 159
147 195
125 174
312 202
309 232
282 203
147 195
101 186
125 174
101 186
140 159
125 174
160 189
181 159
174 191
219 240
247 204
260 207
247 204
219 240
219 218
160 154
278 163
260 164
242 170
200 167
260 164
181 159
160 154
260 164
181 159
260 164
200 167
273 207
305 260
242 270
181 159
200 167
174 191
220 197
247 204
219 218
273 207
272 196
282 203
272 196
273 207
260 207
259 196
242 170
260 164
242 170
259 196
247 204
260 164
278 163
272 196
259 196
260 164
272 196
278 163
295 168
272 196
303 184
312 202
282 203
272 196
295 168
303 184
200 167
220 197
186 200
219 240
260 207
242 270
219 240
173 203
186 200
220 197
219 218
186 200
242 270
300 288
258 310
188 268
101 251
158 201
219 218
219 240
186 200
230 273
229 305
216 277
229 305
230 273
245 306
188 268
182 305
161 307
256 360
228 332
244 325
200 332
176 378
181 325
188 268
218 261
201 272
161 307
105 283
188 268
213 334
206 381
200 332
201 272
218 261
216 277
216 277
215 308
202 305
215 308
216 277
229 305
201 272
216 277
202 305
216 277
218 261
230 273
242 270
258 310
245 306
230 273
242 270
245 306
174 191
158 201
160 189
188 268
158 201
173 203
147 195
160 189
158 201
174 191
200 167
186 200
272 196
260 207
259 196
247 204
259 196
260 207
303 184
282 203
272 196
273 207
242 270
260 207
131 342
161 307
181 325
214 315
201 319
201 313
201 319
214 315
214 321
161 307
182 305
168 309
228 332
234 377
213 334
182 305
202 305
201 313
244 325
228 313
245 306
228 313
244 325
228 319
202 305
215 308
201 313
215 308
229 305
228 313
229 305
245 306
228 313
245 306
258 310
251 311
244 325
245 306
251 311
215 308
228 313
214 315
244 325
228 332
228 319
201 313
215 308
214 315
213 334
200 332
214 321
181 325
161 307
168 309
200 332
181 325
201 319
181 325
201 313
201 319
214 321
200 332
201 319
214 315
228 313
228 319
214 315
228 319
214 321
